55637
150302
417776
57537
57547
57547
57547
57547
653904
57980
57980
153024
154912
171439
94408
33863
31166
39824
20953
418162
103772
40621
39497
58661
100025
44536
419360
150147
150146
619207
619207
619207
619207
619207
619207
410839
619865
619904
420068
246831
422522
401591
172564
78835
261119
157073
169889
87594
418159
36519
401590
622479
622515
622515
622515
622515
622515
622515
622592
622592
622592
622592
622592
622917
623079
623079
623084
623084
623084
623084
623084
623203
623203
623203
623203
623203
623203
623247
623247
102109
107358
163768
260250
602813
189214
189214
189214
189214
624195
omposition
omposition
601662
601662
624540
624540
624540
624540
624540
624540
419538
419542
250251
76494
425470
425470
425470
425470
425470
425470
601675
601675
60757
60757
60757
60757
60757
60757
625127
625127
625127
625127
625127
625127
152945
152945
152945
152945
152945
152945
165786
165786
165786
165786
165786
165786
71197
600958
416169
85639
85640
42656
42657
54107
53219
73376
82388
82389
16624
419473
419614
628596
628596
628596
628596
628596
180239
180240
53283
88202
67464
at
631771
631771
631771
631771
631771
631771
187494
187494
187494
187494
187494
187494
631830
631830
631830
631830
631830
631852
631852
631852
631852
631852
631854
631854
631854
631854
631854
631854
631856
631856
631856
631856
631856
631856
631857
631857
631857
631857
631857
631858
631858
631858
631858
631858
87086
53483
81302
81303
89587
10329
633412
633412
633412
633412
633412
633412
633569
633569
633569
633569
633569
633569
98966
634317
634317
634317
600970
634465
160323
160323
160323
160323
160323
160323
600973
63617
634933
634933
634933
634933
634933
634933
634954
634954
634954
634954
165660
165660
635003
635027
635029
107506
107022
104003
600970
635443
635231
635233
107022
80507
601019
109126
109127
409926
407547
638713
638713
638713
638713
638713
638713
85748
261002
409897
634323
401591
74589
81302
81303
409521
ist
91469
165188
603626
165134
165139
171414
417760
411267
640553
41555
63454
408901
61215
165614
60101
72538
73057
15805
49802
76232
41390
260821
602321
67919
73315
601028
42650
419760
79594
168946
168946
168946
168946
76680
81707
646650
646650
646650
646650
646650
646650
186292
186293
186293
186293
646978
646978
646978
646978
646978
646978
arsing
174105
168946
168947
168948
165619
245796
410713
412284
419082
419083
419084
75959
421520
104003
97783
97784
61755
62203
65822
52082
600084
60072
62309
59171
